language,sex,age,words,n,measure,prop
American Sign Language,All,11,OWIE/BOO BOO,1,produces,0
American Sign Language,All,11,OWIE/BOO BOO,1,understands,0
American Sign Language,All,13,OWIE/BOO BOO,1,produces,0
American Sign Language,All,13,OWIE/BOO BOO,1,understands,0
American Sign Language,All,15,OWIE/BOO BOO,1,produces,0
American Sign Language,All,15,OWIE/BOO BOO,1,understands,0
American Sign Language,All,19,OWIE/BOO BOO,1,produces,0
American Sign Language,All,19,OWIE/BOO BOO,1,understands,0
American Sign Language,All,20,OWIE/BOO BOO,1,produces,0
American Sign Language,All,20,OWIE/BOO BOO,1,understands,0
American Sign Language,All,21,OWIE/BOO BOO,1,produces,0
American Sign Language,All,21,OWIE/BOO BOO,1,understands,0
American Sign Language,All,22,OWIE/BOO BOO,2,produces,0
American Sign Language,All,22,OWIE/BOO BOO,2,understands,0
American Sign Language,All,23,OWIE/BOO BOO,1,produces,0
American Sign Language,All,23,OWIE/BOO BOO,1,understands,0
American Sign Language,All,24,OWIE/BOO BOO,3,produces,0
American Sign Language,All,24,OWIE/BOO BOO,3,understands,0
American Sign Language,All,27,OWIE/BOO BOO,1,produces,0
American Sign Language,All,27,OWIE/BOO BOO,1,understands,0
American Sign Language,All,28,OWIE/BOO BOO,1,produces,0
American Sign Language,All,28,OWIE/BOO BOO,1,understands,0
American Sign Language,All,30,OWIE/BOO BOO,1,produces,0
American Sign Language,All,30,OWIE/BOO BOO,1,understands,0
American Sign Language,All,31,OWIE/BOO BOO,1,produces,0
American Sign Language,All,31,OWIE/BOO BOO,1,understands,0
American Sign Language,All,32,OWIE/BOO BOO,2,produces,0
American Sign Language,All,32,OWIE/BOO BOO,2,understands,0
American Sign Language,All,34,OWIE/BOO BOO,1,produces,0
American Sign Language,All,34,OWIE/BOO BOO,1,understands,0
Czech,All,16,bebí,29,produces,0.1724
Czech,All,16,bebí,29,understands,0
Czech,All,17,bebí,29,produces,0.4483
Czech,All,17,bebí,29,understands,0
Czech,All,18,bebí,45,produces,0.4444
Czech,All,18,bebí,45,understands,0
Czech,All,19,bebí,27,produces,0.4074
Czech,All,19,bebí,27,understands,0
Czech,All,20,bebí,26,produces,0.6923
Czech,All,20,bebí,26,understands,0
Czech,All,21,bebí,34,produces,0.6471
Czech,All,21,bebí,34,understands,0
Czech,All,22,bebí,36,produces,0.5833
Czech,All,22,bebí,36,understands,0
Czech,All,23,bebí,46,produces,0.6957
Czech,All,23,bebí,46,understands,0
Czech,All,24,bebí,35,produces,0.6
Czech,All,24,bebí,35,understands,0
Czech,All,25,bebí,35,produces,0.6286
Czech,All,25,bebí,35,understands,0
Czech,All,26,bebí,22,produces,0.8636
Czech,All,26,bebí,22,understands,0
Czech,All,27,bebí,37,produces,0.6216
Czech,All,27,bebí,37,understands,0
Czech,All,28,bebí,26,produces,0.7308
Czech,All,28,bebí,26,understands,0
Czech,All,29,bebí,39,produces,0.8205
Czech,All,29,bebí,39,understands,0
Czech,All,30,bebí,27,produces,0.7407
Czech,All,30,bebí,27,understands,0
Danish,All,8,sår,174,produces,0
Danish,All,8,sår,174,understands,0
Danish,All,9,sår,196,produces,0
Danish,All,9,sår,196,understands,0
Danish,All,10,sår,182,produces,0
Danish,All,10,sår,182,understands,0
Danish,All,11,sår,200,produces,0
Danish,All,11,sår,200,understands,0.005
Danish,All,12,sår,188,produces,0
Danish,All,12,sår,188,understands,0.0053
Danish,All,13,sår,216,produces,0
Danish,All,13,sår,216,understands,0.0046
Danish,All,14,sår,178,produces,0
Danish,All,14,sår,178,understands,0
Danish,All,15,sår,203,produces,0
Danish,All,15,sår,203,understands,0.0246
Danish,All,16,sår,359,produces,0
Danish,All,16,sår,359,understands,0.0056
Danish,All,17,sår,346,produces,0.0087
Danish,All,17,sår,346,understands,0.0289
Danish,All,18,sår,358,produces,0.0196
Danish,All,18,sår,358,understands,0.0531
Danish,All,19,sår,361,produces,0.0249
Danish,All,19,sår,361,understands,0.0443
Danish,All,20,sår,358,produces,0.0559
Danish,All,20,sår,358,understands,0.0866
Danish,All,21,sår,236,produces,0.0678
Danish,All,21,sår,236,understands,0
Danish,All,22,sår,235,produces,0.1617
Danish,All,22,sår,235,understands,0
Danish,All,23,sår,190,produces,0.1474
Danish,All,23,sår,190,understands,0
Danish,All,24,sår,216,produces,0.1898
Danish,All,24,sår,216,understands,0
Danish,All,25,sår,138,produces,0.2826
Danish,All,25,sår,138,understands,0
Danish,All,26,sår,206,produces,0.3835
Danish,All,26,sår,206,understands,0
Danish,All,27,sår,176,produces,0.4432
Danish,All,27,sår,176,understands,0
Danish,All,28,sår,190,produces,0.4737
Danish,All,28,sår,190,understands,0
Danish,All,29,sår,182,produces,0.5385
Danish,All,29,sår,182,understands,0
Danish,All,30,sår,173,produces,0.6069
Danish,All,30,sår,173,understands,0
Danish,All,31,sår,175,produces,0.6514
Danish,All,31,sår,175,understands,0
Danish,All,32,sår,143,produces,0.6573
Danish,All,32,sår,143,understands,0
Danish,All,33,sår,151,produces,0.6821
Danish,All,33,sår,151,understands,0
Danish,All,34,sår,143,produces,0.7273
Danish,All,34,sår,143,understands,0
Danish,All,35,sår,113,produces,0.823
Danish,All,35,sår,113,understands,0
Danish,All,36,sår,126,produces,0.8333
Danish,All,36,sår,126,understands,0
English (American),All,8,owie/boo boo,255,produces,0.0196
English (American),All,8,owie/boo boo,255,understands,0.0863
English (American),All,9,owie/boo boo,299,produces,0.0268
English (American),All,9,owie/boo boo,299,understands,0.1237
English (American),All,10,owie/boo boo,279,produces,0.0287
English (American),All,10,owie/boo boo,279,understands,0.1434
English (American),All,11,owie/boo boo,360,produces,0.0278
English (American),All,11,owie/boo boo,360,understands,0.1611
English (American),All,12,owie/boo boo,615,produces,0.0569
English (American),All,12,owie/boo boo,615,understands,0.1707
English (American),All,13,owie/boo boo,1039,produces,0.0568
English (American),All,13,owie/boo boo,1039,understands,0.2368
English (American),All,14,owie/boo boo,455,produces,0.0769
English (American),All,14,owie/boo boo,455,understands,0.2549
English (American),All,15,owie/boo boo,245,produces,0.1469
English (American),All,15,owie/boo boo,245,understands,0.3265
English (American),All,16,owie/boo boo,1750,produces,0.276
English (American),All,16,owie/boo boo,1750,understands,0.2634
English (American),All,17,owie/boo boo,831,produces,0.3069
English (American),All,17,owie/boo boo,831,understands,0.2467
English (American),All,18,owie/boo boo,1024,produces,0.3691
English (American),All,18,owie/boo boo,1024,understands,0.2266
English (American),All,19,owie/boo boo,570,produces,0.4526
English (American),All,19,owie/boo boo,570,understands,0
English (American),All,20,owie/boo boo,537,produces,0.5065
English (American),All,20,owie/boo boo,537,understands,0
English (American),All,21,owie/boo boo,366,produces,0.5792
English (American),All,21,owie/boo boo,366,understands,0
English (American),All,22,owie/boo boo,454,produces,0.6189
English (American),All,22,owie/boo boo,454,understands,0
English (American),All,23,owie/boo boo,470,produces,0.7085
English (American),All,23,owie/boo boo,470,understands,0
English (American),All,24,owie/boo boo,985,produces,0.7178
English (American),All,24,owie/boo boo,985,understands,0
English (American),All,25,owie/boo boo,757,produces,0.7913
English (American),All,25,owie/boo boo,757,understands,0
English (American),All,26,owie/boo boo,435,produces,0.7885
English (American),All,26,owie/boo boo,435,understands,0
English (American),All,27,owie/boo boo,361,produces,0.8006
English (American),All,27,owie/boo boo,361,understands,0
English (American),All,28,owie/boo boo,954,produces,0.9203
English (American),All,28,owie/boo boo,954,understands,0
English (American),All,29,owie/boo boo,390,produces,0.8231
English (American),All,29,owie/boo boo,390,understands,0
English (American),All,30,owie/boo boo,785,produces,0.7949
English (American),All,30,owie/boo boo,785,understands,0
English (British),All,20,ouch/ow,2,produces,1
English (British),All,20,ouch/ow,2,understands,0
English (British),All,21,ouch/ow,7,produces,0.7143
English (British),All,21,ouch/ow,7,understands,0
English (British),All,22,ouch/ow,268,produces,0.7836
English (British),All,22,ouch/ow,268,understands,0
English (British),All,23,ouch/ow,2861,produces,0.7959
English (British),All,23,ouch/ow,2861,understands,0
English (British),All,24,ouch/ow,6411,produces,0.8113
English (British),All,24,ouch/ow,6411,understands,0
English (British),All,25,ouch/ow,807,produces,0.8302
English (British),All,25,ouch/ow,807,understands,0
English (British),All,26,ouch/ow,282,produces,0.8121
English (British),All,26,ouch/ow,282,understands,0
English (British),All,27,ouch/ow,149,produces,0.8591
English (British),All,27,ouch/ow,149,understands,0
English (British),All,28,ouch/ow,93,produces,0.8065
English (British),All,28,ouch/ow,93,understands,0
English (British),All,29,ouch/ow,90,produces,0.8333
English (British),All,29,ouch/ow,90,understands,0
English (British),All,30,ouch/ow,49,produces,0.898
English (British),All,30,ouch/ow,49,understands,0
English (British),All,31,ouch/ow,48,produces,0.8542
English (British),All,31,ouch/ow,48,understands,0
English (British),All,32,ouch/ow,27,produces,0.8519
English (British),All,32,ouch/ow,27,understands,0
English (British),All,33,ouch/ow,15,produces,0.9333
English (British),All,33,ouch/ow,15,understands,0
English (British),All,34,ouch/ow,10,produces,0.8
English (British),All,34,ouch/ow,10,understands,0
English (British),All,35,ouch/ow,10,produces,0.8
English (British),All,35,ouch/ow,10,understands,0
French (French),All,8,"aïe bobo, bobo",54,produces,0
French (French),All,8,"aïe bobo, bobo",54,understands,0.0556
French (French),All,9,"aïe bobo, bobo",11,produces,0.0455
French (French),All,9,"aïe bobo, bobo",11,understands,0.0909
French (French),All,10,"aïe bobo, bobo",13,produces,0
French (French),All,10,"aïe bobo, bobo",13,understands,0
French (French),All,11,"aïe bobo, bobo",42,produces,0
French (French),All,11,"aïe bobo, bobo",42,understands,0.0238
French (French),All,12,"aïe bobo, bobo",64,produces,0.0234
French (French),All,12,"aïe bobo, bobo",64,understands,0.0938
French (French),All,13,"aïe bobo, bobo",116,produces,0.0086
French (French),All,13,"aïe bobo, bobo",116,understands,0.1207
French (French),All,14,"aïe bobo, bobo",40,produces,0.0375
French (French),All,14,"aïe bobo, bobo",40,understands,0.0875
French (French),All,15,"aïe bobo, bobo",26,produces,0.1154
French (French),All,15,"aïe bobo, bobo",26,understands,0.2115
French (French),All,16,"aïe bobo, bobo",98,produces,0.1635
French (French),All,16,"aïe bobo, bobo",98,understands,0.0288
French (French),All,17,aïe bobo,52,produces,0.2692
French (French),All,17,aïe bobo,52,understands,0
French (French),All,18,aïe bobo,54,produces,0.4815
French (French),All,18,aïe bobo,54,understands,0
French (French),All,19,aïe bobo,42,produces,0.4286
French (French),All,19,aïe bobo,42,understands,0
French (French),All,20,aïe bobo,81,produces,0.642
French (French),All,20,aïe bobo,81,understands,0
French (French),All,21,aïe bobo,102,produces,0.6176
French (French),All,21,aïe bobo,102,understands,0
French (French),All,22,aïe bobo,103,produces,0.6408
French (French),All,22,aïe bobo,103,understands,0
French (French),All,23,aïe bobo,118,produces,0.5508
French (French),All,23,aïe bobo,118,understands,0
French (French),All,24,aïe bobo,173,produces,0.7399
French (French),All,24,aïe bobo,173,understands,0
French (French),All,25,aïe bobo,87,produces,0.7126
French (French),All,25,aïe bobo,87,understands,0
French (French),All,26,aïe bobo,64,produces,0.75
French (French),All,26,aïe bobo,64,understands,0
French (French),All,27,aïe bobo,54,produces,0.5926
French (French),All,27,aïe bobo,54,understands,0
French (French),All,28,aïe bobo,76,produces,0.7237
French (French),All,28,aïe bobo,76,understands,0
French (French),All,29,aïe bobo,67,produces,0.6567
French (French),All,29,aïe bobo,67,understands,0
French (French),All,30,aïe bobo,68,produces,0.6618
French (French),All,30,aïe bobo,68,understands,0
French (Quebecois),All,8,bobo,103,produces,0
French (Quebecois),All,8,bobo,103,understands,0.0388
French (Quebecois),All,9,bobo,167,produces,0
French (Quebecois),All,9,bobo,167,understands,0.0898
French (Quebecois),All,10,bobo,86,produces,0
French (Quebecois),All,10,bobo,86,understands,0.0581
French (Quebecois),All,11,bobo,81,produces,0.0123
French (Quebecois),All,11,bobo,81,understands,0.2099
French (Quebecois),All,12,bobo,166,produces,0.0241
French (Quebecois),All,12,bobo,166,understands,0.3133
French (Quebecois),All,13,bobo,126,produces,0.0317
French (Quebecois),All,13,bobo,126,understands,0.2302
French (Quebecois),All,14,bobo,228,produces,0.114
French (Quebecois),All,14,bobo,228,understands,0.3289
French (Quebecois),All,15,bobo,101,produces,0.1584
French (Quebecois),All,15,bobo,101,understands,0.4158
French (Quebecois),All,16,bobo,108,produces,0.4352
French (Quebecois),All,16,bobo,108,understands,0.3704
French (Quebecois),All,17,bobo,62,produces,0.5323
French (Quebecois),All,17,bobo,62,understands,0
French (Quebecois),All,18,bobo,99,produces,0.596
French (Quebecois),All,18,bobo,99,understands,0
French (Quebecois),All,19,bobo,91,produces,0.8242
French (Quebecois),All,19,bobo,91,understands,0
French (Quebecois),All,20,bobo,196,produces,0.7245
French (Quebecois),All,20,bobo,196,understands,0
French (Quebecois),All,21,bobo,109,produces,0.8349
French (Quebecois),All,21,bobo,109,understands,0
French (Quebecois),All,22,bobo,86,produces,0.8023
French (Quebecois),All,22,bobo,86,understands,0
French (Quebecois),All,23,bobo,86,produces,0.8605
French (Quebecois),All,23,bobo,86,understands,0
French (Quebecois),All,24,bobo,132,produces,0.9091
French (Quebecois),All,24,bobo,132,understands,0
French (Quebecois),All,25,bobo,87,produces,0.9195
French (Quebecois),All,25,bobo,87,understands,0
French (Quebecois),All,26,bobo,95,produces,0.9158
French (Quebecois),All,26,bobo,95,understands,0
French (Quebecois),All,27,bobo,74,produces,0.9595
French (Quebecois),All,27,bobo,74,understands,0
French (Quebecois),All,28,bobo,61,produces,1
French (Quebecois),All,28,bobo,61,understands,0
French (Quebecois),All,29,bobo,70,produces,0.9571
French (Quebecois),All,29,bobo,70,understands,0
French (Quebecois),All,30,bobo,100,produces,0.92
French (Quebecois),All,30,bobo,100,understands,0
Hebrew,All,11,כואב לי,1,produces,0
Hebrew,All,11,כואב לי,1,understands,0
Hebrew,All,12,כואב לי,4,produces,0
Hebrew,All,12,כואב לי,4,understands,0
Hebrew,All,13,כואב לי,4,produces,0
Hebrew,All,13,כואב לי,4,understands,0.25
Hebrew,All,14,כואב לי,1,produces,0
Hebrew,All,14,כואב לי,1,understands,0
Hebrew,All,15,כואב לי,2,produces,0
Hebrew,All,15,כואב לי,2,understands,0
Hebrew,All,16,כואב לי,6,produces,0.1667
Hebrew,All,16,כואב לי,6,understands,0.1667
Hebrew,All,17,כואב לי,3,produces,0
Hebrew,All,17,כואב לי,3,understands,0.6667
Hebrew,All,19,כואב לי,4,produces,0
Hebrew,All,19,כואב לי,4,understands,0.25
Hebrew,All,20,כואב לי,9,produces,0.2222
Hebrew,All,20,כואב לי,9,understands,0.7778
Hebrew,All,21,כואב לי,4,produces,0.5
Hebrew,All,21,כואב לי,4,understands,0.75
Hebrew,All,22,כואב לי,3,produces,0.6667
Hebrew,All,22,כואב לי,3,understands,1
Hebrew,All,23,כואב לי,7,produces,0.2857
Hebrew,All,23,כואב לי,7,understands,0.7143
Hebrew,All,24,כואב לי,11,produces,0.6364
Hebrew,All,24,כואב לי,11,understands,0.9091
Hebrew,All,25,כואב לי,2,produces,0.5
Hebrew,All,25,כואב לי,2,understands,0.5
Hungarian,All,16,seb,21,produces,0.1429
Hungarian,All,16,seb,21,understands,0
Hungarian,All,17,seb,18,produces,0.2222
Hungarian,All,17,seb,18,understands,0
Hungarian,All,18,seb,18,produces,0.4444
Hungarian,All,18,seb,18,understands,0
Hungarian,All,19,seb,26,produces,0.4615
Hungarian,All,19,seb,26,understands,0
Hungarian,All,20,seb,18,produces,0.5556
Hungarian,All,20,seb,18,understands,0
Hungarian,All,21,seb,36,produces,0.7222
Hungarian,All,21,seb,36,understands,0
Hungarian,All,22,seb,27,produces,0.7037
Hungarian,All,22,seb,27,understands,0
Hungarian,All,23,seb,18,produces,0.6111
Hungarian,All,23,seb,18,understands,0
Hungarian,All,24,seb,38,produces,0.6579
Hungarian,All,24,seb,38,understands,0
Hungarian,All,25,seb,43,produces,0.8837
Hungarian,All,25,seb,43,understands,0
Hungarian,All,26,seb,23,produces,0.7391
Hungarian,All,26,seb,23,understands,0
Hungarian,All,27,seb,26,produces,0.8846
Hungarian,All,27,seb,26,understands,0
Hungarian,All,28,seb,30,produces,0.8
Hungarian,All,28,seb,30,understands,0
Hungarian,All,29,seb,12,produces,0.6667
Hungarian,All,29,seb,12,understands,0
Hungarian,All,30,seb,18,produces,0.7222
Hungarian,All,30,seb,18,understands,0
Italian,All,7,bua,5,produces,0
Italian,All,7,bua,5,understands,0
Italian,All,8,bua,34,produces,0
Italian,All,8,bua,34,understands,0
Italian,All,9,bua,38,produces,0
Italian,All,9,bua,38,understands,0.1579
Italian,All,10,bua,53,produces,0.0189
Italian,All,10,bua,53,understands,0.1509
Italian,All,11,bua,42,produces,0
Italian,All,11,bua,42,understands,0.3095
Italian,All,12,bua,69,produces,0.029
Italian,All,12,bua,69,understands,0.3043
Italian,All,13,bua,48,produces,0.1042
Italian,All,13,bua,48,understands,0.375
Italian,All,14,bua,40,produces,0.125
Italian,All,14,bua,40,understands,0.525
Italian,All,15,bua,68,produces,0.1912
Italian,All,15,bua,68,understands,0.5294
Italian,All,16,bua,56,produces,0.2143
Italian,All,16,bua,56,understands,0.7679
Italian,All,17,bua,48,produces,0.3542
Italian,All,17,bua,48,understands,0.7917
Italian,All,18,bua,75,produces,0.4267
Italian,All,18,bua,75,understands,0.4133
Italian,All,19,bua,58,produces,0.6034
Italian,All,19,bua,58,understands,0.2759
Italian,All,20,bua,83,produces,0.5783
Italian,All,20,bua,83,understands,0.1928
Italian,All,21,bua,67,produces,0.7761
Italian,All,21,bua,67,understands,0.1642
Italian,All,22,bua,77,produces,0.6883
Italian,All,22,bua,77,understands,0.2078
Italian,All,23,bua,70,produces,0.8429
Italian,All,23,bua,70,understands,0.2429
Italian,All,24,bua,85,produces,0.8353
Italian,All,24,bua,85,understands,0.1647
Italian,All,25,bua,39,produces,0.7949
Italian,All,25,bua,39,understands,0
Italian,All,26,bua,41,produces,0.7561
Italian,All,26,bua,41,understands,0
Italian,All,27,bua,43,produces,0.8372
Italian,All,27,bua,43,understands,0
Italian,All,28,bua,44,produces,0.7727
Italian,All,28,bua,44,understands,0
Italian,All,29,bua,37,produces,0.7838
Italian,All,29,bua,37,understands,0
Italian,All,30,bua,67,produces,0.8209
Italian,All,30,bua,67,understands,0
Italian,All,31,bua,19,produces,0.7368
Italian,All,31,bua,19,understands,0
Italian,All,32,bua,23,produces,0.6957
Italian,All,32,bua,23,understands,0
Italian,All,33,bua,16,produces,0.75
Italian,All,33,bua,16,understands,0
Italian,All,34,bua,19,produces,0.8421
Italian,All,34,bua,19,understands,0
Italian,All,35,bua,15,produces,0.8667
Italian,All,35,bua,15,understands,0
Italian,All,36,bua,21,produces,0.7143
Italian,All,36,bua,21,understands,0
American Sign Language,Female,11,OWIE/BOO BOO,1,produces,0
American Sign Language,Female,11,OWIE/BOO BOO,1,understands,0
American Sign Language,Female,13,OWIE/BOO BOO,1,produces,0
American Sign Language,Female,13,OWIE/BOO BOO,1,understands,0
American Sign Language,Female,15,OWIE/BOO BOO,1,produces,0
American Sign Language,Female,15,OWIE/BOO BOO,1,understands,0
American Sign Language,Male,19,OWIE/BOO BOO,1,produces,0
American Sign Language,Male,19,OWIE/BOO BOO,1,understands,0
American Sign Language,Male,20,OWIE/BOO BOO,1,produces,0
American Sign Language,Male,20,OWIE/BOO BOO,1,understands,0
American Sign Language,Male,21,OWIE/BOO BOO,1,produces,0
American Sign Language,Male,21,OWIE/BOO BOO,1,understands,0
American Sign Language,Female,22,OWIE/BOO BOO,1,produces,0
American Sign Language,Female,22,OWIE/BOO BOO,1,understands,0
American Sign Language,Male,22,OWIE/BOO BOO,1,produces,0
American Sign Language,Male,22,OWIE/BOO BOO,1,understands,0
American Sign Language,Female,23,OWIE/BOO BOO,1,produces,0
American Sign Language,Female,23,OWIE/BOO BOO,1,understands,0
American Sign Language,Female,24,OWIE/BOO BOO,1,produces,0
American Sign Language,Female,24,OWIE/BOO BOO,1,understands,0
American Sign Language,Male,24,OWIE/BOO BOO,2,produces,0
American Sign Language,Male,24,OWIE/BOO BOO,2,understands,0
American Sign Language,Male,27,OWIE/BOO BOO,1,produces,0
American Sign Language,Male,27,OWIE/BOO BOO,1,understands,0
American Sign Language,Male,28,OWIE/BOO BOO,1,produces,0
American Sign Language,Male,28,OWIE/BOO BOO,1,understands,0
American Sign Language,Female,30,OWIE/BOO BOO,1,produces,0
American Sign Language,Female,30,OWIE/BOO BOO,1,understands,0
American Sign Language,Female,31,OWIE/BOO BOO,1,produces,0
American Sign Language,Female,31,OWIE/BOO BOO,1,understands,0
American Sign Language,Female,32,OWIE/BOO BOO,1,produces,0
American Sign Language,Female,32,OWIE/BOO BOO,1,understands,0
American Sign Language,Male,32,OWIE/BOO BOO,1,produces,0
American Sign Language,Male,32,OWIE/BOO BOO,1,understands,0
American Sign Language,Male,34,OWIE/BOO BOO,1,produces,0
American Sign Language,Male,34,OWIE/BOO BOO,1,understands,0
Czech,Female,16,bebí,13,produces,0.1538
Czech,Female,16,bebí,13,understands,0
Czech,Male,16,bebí,16,produces,0.1875
Czech,Male,16,bebí,16,understands,0
Czech,Female,17,bebí,16,produces,0.4375
Czech,Female,17,bebí,16,understands,0
Czech,Male,17,bebí,13,produces,0.4615
Czech,Male,17,bebí,13,understands,0
Czech,Female,18,bebí,18,produces,0.6111
Czech,Female,18,bebí,18,understands,0
Czech,Male,18,bebí,27,produces,0.3333
Czech,Male,18,bebí,27,understands,0
Czech,Female,19,bebí,17,produces,0.4118
Czech,Female,19,bebí,17,understands,0
Czech,Male,19,bebí,10,produces,0.4
Czech,Male,19,bebí,10,understands,0
Czech,Female,20,bebí,15,produces,0.7333
Czech,Female,20,bebí,15,understands,0
Czech,Male,20,bebí,11,produces,0.6364
Czech,Male,20,bebí,11,understands,0
Czech,Female,21,bebí,18,produces,0.7222
Czech,Female,21,bebí,18,understands,0
Czech,Male,21,bebí,16,produces,0.5625
Czech,Male,21,bebí,16,understands,0
Czech,Female,22,bebí,17,produces,0.5882
Czech,Female,22,bebí,17,understands,0
Czech,Male,22,bebí,19,produces,0.5789
Czech,Male,22,bebí,19,understands,0
Czech,Female,23,bebí,21,produces,0.6667
Czech,Female,23,bebí,21,understands,0
Czech,Male,23,bebí,25,produces,0.72
Czech,Male,23,bebí,25,understands,0
Czech,Female,24,bebí,16,produces,0.75
Czech,Female,24,bebí,16,understands,0
Czech,Male,24,bebí,19,produces,0.4737
Czech,Male,24,bebí,19,understands,0
Czech,Female,25,bebí,17,produces,0.7059
Czech,Female,25,bebí,17,understands,0
Czech,Male,25,bebí,18,produces,0.5556
Czech,Male,25,bebí,18,understands,0
Czech,Female,26,bebí,14,produces,0.9286
Czech,Female,26,bebí,14,understands,0
Czech,Male,26,bebí,8,produces,0.75
Czech,Male,26,bebí,8,understands,0
Czech,Female,27,bebí,23,produces,0.5652
Czech,Female,27,bebí,23,understands,0
Czech,Male,27,bebí,14,produces,0.7143
Czech,Male,27,bebí,14,understands,0
Czech,Female,28,bebí,16,produces,0.6875
Czech,Female,28,bebí,16,understands,0
Czech,Male,28,bebí,10,produces,0.8
Czech,Male,28,bebí,10,understands,0
Czech,Female,29,bebí,18,produces,0.8333
Czech,Female,29,bebí,18,understands,0
Czech,Male,29,bebí,21,produces,0.8095
Czech,Male,29,bebí,21,understands,0
Czech,Female,30,bebí,16,produces,0.625
Czech,Female,30,bebí,16,understands,0
Czech,Male,30,bebí,11,produces,0.9091
Czech,Male,30,bebí,11,understands,0
Danish,Female,8,sår,77,produces,0
Danish,Female,8,sår,77,understands,0
Danish,Male,8,sår,97,produces,0
Danish,Male,8,sår,97,understands,0
Danish,Female,9,sår,94,produces,0
Danish,Female,9,sår,94,understands,0
Danish,Male,9,sår,102,produces,0
Danish,Male,9,sår,102,understands,0
Danish,Female,10,sår,105,produces,0
Danish,Female,10,sår,105,understands,0
Danish,Male,10,sår,77,produces,0
Danish,Male,10,sår,77,understands,0
Danish,Female,11,sår,94,produces,0
Danish,Female,11,sår,94,understands,0
Danish,Male,11,sår,106,produces,0
Danish,Male,11,sår,106,understands,0.0094
Danish,Female,12,sår,92,produces,0
Danish,Female,12,sår,92,understands,0
Danish,Male,12,sår,96,produces,0
Danish,Male,12,sår,96,understands,0.0104
Danish,Female,13,sår,105,produces,0
Danish,Female,13,sår,105,understands,0.0095
Danish,Male,13,sår,111,produces,0
Danish,Male,13,sår,111,understands,0
Danish,Female,14,sår,86,produces,0
Danish,Female,14,sår,86,understands,0
Danish,Male,14,sår,92,produces,0
Danish,Male,14,sår,92,understands,0
Danish,Female,15,sår,112,produces,0
Danish,Female,15,sår,112,understands,0.0179
Danish,Male,15,sår,91,produces,0
Danish,Male,15,sår,91,understands,0.033
Danish,Female,16,sår,184,produces,0
Danish,Female,16,sår,184,understands,0.0054
Danish,Male,16,sår,175,produces,0
Danish,Male,16,sår,175,understands,0.0057
Danish,Female,17,sår,174,produces,0.0172
Danish,Female,17,sår,174,understands,0.0345
Danish,Male,17,sår,172,produces,0
Danish,Male,17,sår,172,understands,0.0233
Danish,Female,18,sår,188,produces,0.0266
Danish,Female,18,sår,188,understands,0.0691
Danish,Male,18,sår,170,produces,0.0118
Danish,Male,18,sår,170,understands,0.0353
Danish,Female,19,sår,189,produces,0.0423
Danish,Female,19,sår,189,understands,0.0529
Danish,Male,19,sår,172,produces,0.0058
Danish,Male,19,sår,172,understands,0.0349
Danish,Female,20,sår,174,produces,0.069
Danish,Female,20,sår,174,understands,0.1034
Danish,Male,20,sår,184,produces,0.0435
Danish,Male,20,sår,184,understands,0.0707
Danish,Female,21,sår,112,produces,0.0893
Danish,Female,21,sår,112,understands,0
Danish,Male,21,sår,124,produces,0.0484
Danish,Male,21,sår,124,understands,0
Danish,Female,22,sår,125,produces,0.208
Danish,Female,22,sår,125,understands,0
Danish,Male,22,sår,110,produces,0.1091
Danish,Male,22,sår,110,understands,0
Danish,Female,23,sår,95,produces,0.1579
Danish,Female,23,sår,95,understands,0
Danish,Male,23,sår,95,produces,0.1368
Danish,Male,23,sår,95,understands,0
Danish,Female,24,sår,112,produces,0.2054
Danish,Female,24,sår,112,understands,0
Danish,Male,24,sår,104,produces,0.1731
Danish,Male,24,sår,104,understands,0
Danish,Female,25,sår,71,produces,0.3944
Danish,Female,25,sår,71,understands,0
Danish,Male,25,sår,67,produces,0.1642
Danish,Male,25,sår,67,understands,0
Danish,Female,26,sår,108,produces,0.463
Danish,Female,26,sår,108,understands,0
Danish,Male,26,sår,98,produces,0.2959
Danish,Male,26,sår,98,understands,0
Danish,Female,27,sår,100,produces,0.5
Danish,Female,27,sår,100,understands,0
Danish,Male,27,sår,76,produces,0.3684
Danish,Male,27,sår,76,understands,0
Danish,Female,28,sår,94,produces,0.5638
Danish,Female,28,sår,94,understands,0
Danish,Male,28,sår,96,produces,0.3854
Danish,Male,28,sår,96,understands,0
Danish,Female,29,sår,102,produces,0.6176
Danish,Female,29,sår,102,understands,0
Danish,Male,29,sår,80,produces,0.4375
Danish,Male,29,sår,80,understands,0
Danish,Female,30,sår,75,produces,0.6133
Danish,Female,30,sår,75,understands,0
Danish,Male,30,sår,98,produces,0.602
Danish,Male,30,sår,98,understands,0
Danish,Female,31,sår,82,produces,0.7683
Danish,Female,31,sår,82,understands,0
Danish,Male,31,sår,93,produces,0.5484
Danish,Male,31,sår,93,understands,0
Danish,Female,32,sår,74,produces,0.7432
Danish,Female,32,sår,74,understands,0
Danish,Male,32,sår,69,produces,0.5652
Danish,Male,32,sår,69,understands,0
Danish,Female,33,sår,82,produces,0.7439
Danish,Female,33,sår,82,understands,0
Danish,Male,33,sår,69,produces,0.6087
Danish,Male,33,sår,69,understands,0
Danish,Female,34,sår,68,produces,0.7647
Danish,Female,34,sår,68,understands,0
Danish,Male,34,sår,75,produces,0.6933
Danish,Male,34,sår,75,understands,0
Danish,Female,35,sår,56,produces,0.8393
Danish,Female,35,sår,56,understands,0
Danish,Male,35,sår,57,produces,0.807
Danish,Male,35,sår,57,understands,0
Danish,Female,36,sår,61,produces,0.8525
Danish,Female,36,sår,61,understands,0
Danish,Male,36,sår,65,produces,0.8154
Danish,Male,36,sår,65,understands,0
English (American),Female,8,owie/boo boo,114,produces,0.0263
English (American),Female,8,owie/boo boo,114,understands,0.0877
English (American),Male,8,owie/boo boo,141,produces,0.0142
English (American),Male,8,owie/boo boo,141,understands,0.0851
English (American),Female,9,owie/boo boo,135,produces,0.0296
English (American),Female,9,owie/boo boo,135,understands,0.1556
English (American),Male,9,owie/boo boo,160,produces,0.025
English (American),Male,9,owie/boo boo,160,understands,0.1
English (American),Female,10,owie/boo boo,119,produces,0.0504
English (American),Female,10,owie/boo boo,119,understands,0.1597
English (American),Male,10,owie/boo boo,144,produces,0.0139
English (American),Male,10,owie/boo boo,144,understands,0.1458
English (American),Female,11,owie/boo boo,171,produces,0.0292
English (American),Female,11,owie/boo boo,171,understands,0.1813
English (American),Male,11,owie/boo boo,189,produces,0.0265
English (American),Male,11,owie/boo boo,189,understands,0.1429
English (American),Female,12,owie/boo boo,279,produces,0.0502
English (American),Female,12,owie/boo boo,279,understands,0.1792
English (American),Male,12,owie/boo boo,334,produces,0.0599
English (American),Male,12,owie/boo boo,334,understands,0.1617
English (American),Female,13,owie/boo boo,496,produces,0.0706
English (American),Female,13,owie/boo boo,496,understands,0.2641
English (American),Male,13,owie/boo boo,541,produces,0.0444
English (American),Male,13,owie/boo boo,541,understands,0.2126
English (American),Female,14,owie/boo boo,220,produces,0.0818
English (American),Female,14,owie/boo boo,220,understands,0.2682
English (American),Male,14,owie/boo boo,224,produces,0.0759
English (American),Male,14,owie/boo boo,224,understands,0.2411
English (American),Female,15,owie/boo boo,111,produces,0.1622
English (American),Female,15,owie/boo boo,111,understands,0.3333
English (American),Male,15,owie/boo boo,127,produces,0.1339
English (American),Male,15,owie/boo boo,127,understands,0.3307
English (American),Female,16,owie/boo boo,786,produces,0.3244
English (American),Female,16,owie/boo boo,786,understands,0.3028
English (American),Male,16,owie/boo boo,856,produces,0.2512
English (American),Male,16,owie/boo boo,856,understands,0.2605
English (American),Female,17,owie/boo boo,315,produces,0.3587
English (American),Female,17,owie/boo boo,315,understands,0.3302
English (American),Male,17,owie/boo boo,379,produces,0.3061
English (American),Male,17,owie/boo boo,379,understands,0.2665
English (American),Female,18,owie/boo boo,434,produces,0.447
English (American),Female,18,owie/boo boo,434,understands,0.2604
English (American),Male,18,owie/boo boo,468,produces,0.3269
English (American),Male,18,owie/boo boo,468,understands,0.2543
English (American),Female,19,owie/boo boo,231,produces,0.5022
English (American),Female,19,owie/boo boo,231,understands,0
English (American),Male,19,owie/boo boo,224,produces,0.4286
English (American),Male,19,owie/boo boo,224,understands,0
English (American),Female,20,owie/boo boo,205,produces,0.6341
English (American),Female,20,owie/boo boo,205,understands,0
English (American),Male,20,owie/boo boo,222,produces,0.4009
English (American),Male,20,owie/boo boo,222,understands,0
English (American),Female,21,owie/boo boo,127,produces,0.6457
English (American),Female,21,owie/boo boo,127,understands,0
English (American),Male,21,owie/boo boo,142,produces,0.5775
English (American),Male,21,owie/boo boo,142,understands,0
English (American),Female,22,owie/boo boo,186,produces,0.7043
English (American),Female,22,owie/boo boo,186,understands,0
English (American),Male,22,owie/boo boo,162,produces,0.5556
English (American),Male,22,owie/boo boo,162,understands,0
English (American),Female,23,owie/boo boo,177,produces,0.7797
English (American),Female,23,owie/boo boo,177,understands,0
English (American),Male,23,owie/boo boo,196,produces,0.6735
English (American),Male,23,owie/boo boo,196,understands,0
English (American),Female,24,owie/boo boo,365,produces,0.7507
English (American),Female,24,owie/boo boo,365,understands,0
English (American),Male,24,owie/boo boo,453,produces,0.6932
English (American),Male,24,owie/boo boo,453,understands,0
English (American),Female,25,owie/boo boo,299,produces,0.8629
English (American),Female,25,owie/boo boo,299,understands,0
English (American),Male,25,owie/boo boo,336,produces,0.747
English (American),Male,25,owie/boo boo,336,understands,0
English (American),Female,26,owie/boo boo,173,produces,0.8092
English (American),Female,26,owie/boo boo,173,understands,0
English (American),Male,26,owie/boo boo,197,produces,0.7513
English (American),Male,26,owie/boo boo,197,understands,0
English (American),Female,27,owie/boo boo,158,produces,0.8165
English (American),Female,27,owie/boo boo,158,understands,0
English (American),Male,27,owie/boo boo,154,produces,0.7792
English (American),Male,27,owie/boo boo,154,understands,0
English (American),Female,28,owie/boo boo,416,produces,0.9351
English (American),Female,28,owie/boo boo,416,understands,0
English (American),Male,28,owie/boo boo,492,produces,0.9167
English (American),Male,28,owie/boo boo,492,understands,0
English (American),Female,29,owie/boo boo,166,produces,0.8072
English (American),Female,29,owie/boo boo,166,understands,0
English (American),Male,29,owie/boo boo,167,produces,0.8204
English (American),Male,29,owie/boo boo,167,understands,0
English (American),Female,30,owie/boo boo,323,produces,0.8204
English (American),Female,30,owie/boo boo,323,understands,0
English (American),Male,30,owie/boo boo,368,produces,0.7772
English (American),Male,30,owie/boo boo,368,understands,0
English (British),Male,20,ouch/ow,2,produces,1
English (British),Male,20,ouch/ow,2,understands,0
English (British),Female,21,ouch/ow,4,produces,1
English (British),Female,21,ouch/ow,4,understands,0
English (British),Male,21,ouch/ow,3,produces,0.3333
English (British),Male,21,ouch/ow,3,understands,0
English (British),Female,22,ouch/ow,130,produces,0.8231
English (British),Female,22,ouch/ow,130,understands,0
English (British),Male,22,ouch/ow,138,produces,0.7464
English (British),Male,22,ouch/ow,138,understands,0
English (British),Female,23,ouch/ow,1457,produces,0.8367
English (British),Female,23,ouch/ow,1457,understands,0
English (British),Male,23,ouch/ow,1404,produces,0.7536
English (British),Male,23,ouch/ow,1404,understands,0
English (British),Female,24,ouch/ow,3240,produces,0.841
English (British),Female,24,ouch/ow,3240,understands,0
English (British),Male,24,ouch/ow,3171,produces,0.7808
English (British),Male,24,ouch/ow,3171,understands,0
English (British),Female,25,ouch/ow,437,produces,0.8764
English (British),Female,25,ouch/ow,437,understands,0
English (British),Male,25,ouch/ow,370,produces,0.7757
English (British),Male,25,ouch/ow,370,understands,0
English (British),Female,26,ouch/ow,134,produces,0.8209
English (British),Female,26,ouch/ow,134,understands,0
English (British),Male,26,ouch/ow,148,produces,0.8041
English (British),Male,26,ouch/ow,148,understands,0
English (British),Female,27,ouch/ow,76,produces,0.8947
English (British),Female,27,ouch/ow,76,understands,0
English (British),Male,27,ouch/ow,73,produces,0.8219
English (British),Male,27,ouch/ow,73,understands,0
English (British),Female,28,ouch/ow,42,produces,0.9048
English (British),Female,28,ouch/ow,42,understands,0
English (British),Male,28,ouch/ow,51,produces,0.7255
English (British),Male,28,ouch/ow,51,understands,0
English (British),Female,29,ouch/ow,52,produces,0.8654
English (British),Female,29,ouch/ow,52,understands,0
English (British),Male,29,ouch/ow,38,produces,0.7895
English (British),Male,29,ouch/ow,38,understands,0
English (British),Female,30,ouch/ow,27,produces,0.9259
English (British),Female,30,ouch/ow,27,understands,0
English (British),Male,30,ouch/ow,22,produces,0.8636
English (British),Male,30,ouch/ow,22,understands,0
English (British),Female,31,ouch/ow,30,produces,0.7667
English (British),Female,31,ouch/ow,30,understands,0
English (British),Male,31,ouch/ow,18,produces,1
English (British),Male,31,ouch/ow,18,understands,0
English (British),Female,32,ouch/ow,16,produces,1
English (British),Female,32,ouch/ow,16,understands,0
English (British),Male,32,ouch/ow,11,produces,0.6364
English (British),Male,32,ouch/ow,11,understands,0
English (British),Female,33,ouch/ow,8,produces,1
English (British),Female,33,ouch/ow,8,understands,0
English (British),Male,33,ouch/ow,7,produces,0.8571
English (British),Male,33,ouch/ow,7,understands,0
English (British),Female,34,ouch/ow,2,produces,0.5
English (British),Female,34,ouch/ow,2,understands,0
English (British),Male,34,ouch/ow,8,produces,0.875
English (British),Male,34,ouch/ow,8,understands,0
English (British),Female,35,ouch/ow,4,produces,0.5
English (British),Female,35,ouch/ow,4,understands,0
English (British),Male,35,ouch/ow,6,produces,1
English (British),Male,35,ouch/ow,6,understands,0
French (French),Female,8,"aïe bobo, bobo",2,produces,0
French (French),Female,8,"aïe bobo, bobo",2,understands,0
French (French),Male,8,"aïe bobo, bobo",5,produces,0
French (French),Male,8,"aïe bobo, bobo",5,understands,0
French (French),Female,9,"aïe bobo, bobo",2,produces,0.25
French (French),Female,9,"aïe bobo, bobo",2,understands,0.25
French (French),Male,9,"aïe bobo, bobo",5,produces,0
French (French),Male,9,"aïe bobo, bobo",5,understands,0
French (French),Female,10,"aïe bobo, bobo",7,produces,0
French (French),Female,10,"aïe bobo, bobo",7,understands,0
French (French),Male,10,"aïe bobo, bobo",6,produces,0
French (French),Male,10,"aïe bobo, bobo",6,understands,0
French (French),Female,11,"aïe bobo, bobo",8,produces,0
French (French),Female,11,"aïe bobo, bobo",8,understands,0
French (French),Male,11,"aïe bobo, bobo",6,produces,0
French (French),Male,11,"aïe bobo, bobo",6,understands,0
French (French),Female,12,"aïe bobo, bobo",19,produces,0.0526
French (French),Female,12,"aïe bobo, bobo",19,understands,0.0526
French (French),Male,12,"aïe bobo, bobo",19,produces,0.0263
French (French),Male,12,"aïe bobo, bobo",19,understands,0.0263
French (French),Female,13,"aïe bobo, bobo",36,produces,0.0139
French (French),Female,13,"aïe bobo, bobo",36,understands,0.0556
French (French),Male,13,"aïe bobo, bobo",30,produces,0.0167
French (French),Male,13,"aïe bobo, bobo",30,understands,0.05
French (French),Female,14,"aïe bobo, bobo",17,produces,0.0294
French (French),Female,14,"aïe bobo, bobo",17,understands,0.0882
French (French),Male,14,"aïe bobo, bobo",20,produces,0.05
French (French),Male,14,"aïe bobo, bobo",20,understands,0.075
French (French),Female,15,"aïe bobo, bobo",11,produces,0.1364
French (French),Female,15,"aïe bobo, bobo",11,understands,0.2273
French (French),Male,15,"aïe bobo, bobo",13,produces,0.1154
French (French),Male,15,"aïe bobo, bobo",13,understands,0.1923
French (French),Female,16,aïe bobo,25,produces,0.28
French (French),Female,16,aïe bobo,25,understands,0
French (French),Male,16,"aïe bobo, bobo",27,produces,0.1071
French (French),Male,16,"aïe bobo, bobo",27,understands,0.0357
French (French),Female,17,aïe bobo,25,produces,0.36
French (French),Female,17,aïe bobo,25,understands,0
French (French),Male,17,aïe bobo,23,produces,0.2174
French (French),Male,17,aïe bobo,23,understands,0
French (French),Female,18,aïe bobo,27,produces,0.5185
French (French),Female,18,aïe bobo,27,understands,0
French (French),Male,18,aïe bobo,21,produces,0.4762
French (French),Male,18,aïe bobo,21,understands,0
French (French),Female,19,aïe bobo,22,produces,0.4545
French (French),Female,19,aïe bobo,22,understands,0
French (French),Male,19,aïe bobo,17,produces,0.4706
French (French),Male,19,aïe bobo,17,understands,0
French (French),Female,20,aïe bobo,42,produces,0.7143
French (French),Female,20,aïe bobo,42,understands,0
French (French),Male,20,aïe bobo,35,produces,0.6
French (French),Male,20,aïe bobo,35,understands,0
French (French),Female,21,aïe bobo,55,produces,0.6909
French (French),Female,21,aïe bobo,55,understands,0
French (French),Male,21,aïe bobo,38,produces,0.6316
French (French),Male,21,aïe bobo,38,understands,0
French (French),Female,22,aïe bobo,60,produces,0.6333
French (French),Female,22,aïe bobo,60,understands,0
French (French),Male,22,aïe bobo,38,produces,0.7105
French (French),Male,22,aïe bobo,38,understands,0
French (French),Female,23,aïe bobo,40,produces,0.55
French (French),Female,23,aïe bobo,40,understands,0
French (French),Male,23,aïe bobo,44,produces,0.4773
French (French),Male,23,aïe bobo,44,understands,0
French (French),Female,24,aïe bobo,65,produces,0.6769
French (French),Female,24,aïe bobo,65,understands,0
French (French),Male,24,aïe bobo,72,produces,0.75
French (French),Male,24,aïe bobo,72,understands,0
French (French),Female,25,aïe bobo,39,produces,0.7436
French (French),Female,25,aïe bobo,39,understands,0
French (French),Male,25,aïe bobo,46,produces,0.6957
French (French),Male,25,aïe bobo,46,understands,0
French (French),Female,26,aïe bobo,31,produces,0.7419
French (French),Female,26,aïe bobo,31,understands,0
French (French),Male,26,aïe bobo,32,produces,0.75
French (French),Male,26,aïe bobo,32,understands,0
French (French),Female,27,aïe bobo,28,produces,0.6786
French (French),Female,27,aïe bobo,28,understands,0
French (French),Male,27,aïe bobo,24,produces,0.5
French (French),Male,27,aïe bobo,24,understands,0
French (French),Female,28,aïe bobo,33,produces,0.7273
French (French),Female,28,aïe bobo,33,understands,0
French (French),Male,28,aïe bobo,43,produces,0.7209
French (French),Male,28,aïe bobo,43,understands,0
French (French),Female,29,aïe bobo,32,produces,0.6875
French (French),Female,29,aïe bobo,32,understands,0
French (French),Male,29,aïe bobo,33,produces,0.6667
French (French),Male,29,aïe bobo,33,understands,0
French (French),Female,30,aïe bobo,34,produces,0.6471
French (French),Female,30,aïe bobo,34,understands,0
French (French),Male,30,aïe bobo,33,produces,0.6667
French (French),Male,30,aïe bobo,33,understands,0
French (Quebecois),Female,8,bobo,49,produces,0
French (Quebecois),Female,8,bobo,49,understands,0
French (Quebecois),Male,8,bobo,54,produces,0
French (Quebecois),Male,8,bobo,54,understands,0.0741
French (Quebecois),Female,9,bobo,79,produces,0
French (Quebecois),Female,9,bobo,79,understands,0.1013
French (Quebecois),Male,9,bobo,88,produces,0
French (Quebecois),Male,9,bobo,88,understands,0.0795
French (Quebecois),Female,10,bobo,40,produces,0
French (Quebecois),Female,10,bobo,40,understands,0.025
French (Quebecois),Male,10,bobo,46,produces,0
French (Quebecois),Male,10,bobo,46,understands,0.087
French (Quebecois),Female,11,bobo,41,produces,0
French (Quebecois),Female,11,bobo,41,understands,0.122
French (Quebecois),Male,11,bobo,40,produces,0.025
French (Quebecois),Male,11,bobo,40,understands,0.3
French (Quebecois),Female,12,bobo,72,produces,0.0139
French (Quebecois),Female,12,bobo,72,understands,0.3333
French (Quebecois),Male,12,bobo,94,produces,0.0319
French (Quebecois),Male,12,bobo,94,understands,0.2979
French (Quebecois),Female,13,bobo,49,produces,0.0612
French (Quebecois),Female,13,bobo,49,understands,0.2041
French (Quebecois),Male,13,bobo,76,produces,0.0132
French (Quebecois),Male,13,bobo,76,understands,0.25
French (Quebecois),Female,14,bobo,132,produces,0.1364
French (Quebecois),Female,14,bobo,132,understands,0.3636
French (Quebecois),Male,14,bobo,96,produces,0.0833
French (Quebecois),Male,14,bobo,96,understands,0.2812
French (Quebecois),Female,15,bobo,39,produces,0.1795
French (Quebecois),Female,15,bobo,39,understands,0.4872
French (Quebecois),Male,15,bobo,62,produces,0.1452
French (Quebecois),Male,15,bobo,62,understands,0.371
French (Quebecois),Female,16,bobo,57,produces,0.4737
French (Quebecois),Female,16,bobo,57,understands,0.3684
French (Quebecois),Male,16,bobo,51,produces,0.3922
French (Quebecois),Male,16,bobo,51,understands,0.3725
French (Quebecois),Female,17,bobo,30,produces,0.7
French (Quebecois),Female,17,bobo,30,understands,0
French (Quebecois),Male,17,bobo,31,produces,0.3871
French (Quebecois),Male,17,bobo,31,understands,0
French (Quebecois),Female,18,bobo,53,produces,0.7358
French (Quebecois),Female,18,bobo,53,understands,0
French (Quebecois),Male,18,bobo,46,produces,0.4348
French (Quebecois),Male,18,bobo,46,understands,0
French (Quebecois),Female,19,bobo,41,produces,0.8537
French (Quebecois),Female,19,bobo,41,understands,0
French (Quebecois),Male,19,bobo,50,produces,0.8
French (Quebecois),Male,19,bobo,50,understands,0
French (Quebecois),Female,20,bobo,90,produces,0.7667
French (Quebecois),Female,20,bobo,90,understands,0
French (Quebecois),Male,20,bobo,105,produces,0.6952
French (Quebecois),Male,20,bobo,105,understands,0
French (Quebecois),Female,21,bobo,56,produces,0.9107
French (Quebecois),Female,21,bobo,56,understands,0
French (Quebecois),Male,21,bobo,53,produces,0.7547
French (Quebecois),Male,21,bobo,53,understands,0
French (Quebecois),Female,22,bobo,42,produces,0.881
French (Quebecois),Female,22,bobo,42,understands,0
French (Quebecois),Male,22,bobo,44,produces,0.7273
French (Quebecois),Male,22,bobo,44,understands,0
French (Quebecois),Female,23,bobo,41,produces,0.878
French (Quebecois),Female,23,bobo,41,understands,0
French (Quebecois),Male,23,bobo,45,produces,0.8444
French (Quebecois),Male,23,bobo,45,understands,0
French (Quebecois),Female,24,bobo,56,produces,0.9464
French (Quebecois),Female,24,bobo,56,understands,0
French (Quebecois),Male,24,bobo,76,produces,0.8816
French (Quebecois),Male,24,bobo,76,understands,0
French (Quebecois),Female,25,bobo,41,produces,0.9756
French (Quebecois),Female,25,bobo,41,understands,0
French (Quebecois),Male,25,bobo,45,produces,0.8667
French (Quebecois),Male,25,bobo,45,understands,0
French (Quebecois),Female,26,bobo,46,produces,0.9565
French (Quebecois),Female,26,bobo,46,understands,0
French (Quebecois),Male,26,bobo,49,produces,0.8776
French (Quebecois),Male,26,bobo,49,understands,0
French (Quebecois),Female,27,bobo,40,produces,0.975
French (Quebecois),Female,27,bobo,40,understands,0
French (Quebecois),Male,27,bobo,34,produces,0.9412
French (Quebecois),Male,27,bobo,34,understands,0
French (Quebecois),Female,28,bobo,28,produces,1
French (Quebecois),Female,28,bobo,28,understands,0
French (Quebecois),Male,28,bobo,32,produces,1
French (Quebecois),Male,28,bobo,32,understands,0
French (Quebecois),Female,29,bobo,35,produces,0.9714
French (Quebecois),Female,29,bobo,35,understands,0
French (Quebecois),Male,29,bobo,35,produces,0.9429
French (Quebecois),Male,29,bobo,35,understands,0
French (Quebecois),Female,30,bobo,41,produces,0.9268
French (Quebecois),Female,30,bobo,41,understands,0
French (Quebecois),Male,30,bobo,59,produces,0.9153
French (Quebecois),Male,30,bobo,59,understands,0
Hebrew,Male,11,כואב לי,1,produces,0
Hebrew,Male,11,כואב לי,1,understands,0
Hebrew,Female,12,כואב לי,1,produces,0
Hebrew,Female,12,כואב לי,1,understands,0
Hebrew,Male,12,כואב לי,3,produces,0
Hebrew,Male,12,כואב לי,3,understands,0
Hebrew,Male,13,כואב לי,4,produces,0
Hebrew,Male,13,כואב לי,4,understands,0.25
Hebrew,Male,14,כואב לי,1,produces,0
Hebrew,Male,14,כואב לי,1,understands,0
Hebrew,Male,15,כואב לי,2,produces,0
Hebrew,Male,15,כואב לי,2,understands,0
Hebrew,Female,16,כואב לי,4,produces,0.25
Hebrew,Female,16,כואב לי,4,understands,0.25
Hebrew,Male,16,כואב לי,2,produces,0
Hebrew,Male,16,כואב לי,2,understands,0
Hebrew,Female,17,כואב לי,2,produces,0
Hebrew,Female,17,כואב לי,2,understands,1
Hebrew,Male,17,כואב לי,1,produces,0
Hebrew,Male,17,כואב לי,1,understands,0
Hebrew,Female,19,כואב לי,1,produces,0
Hebrew,Female,19,כואב לי,1,understands,1
Hebrew,Male,19,כואב לי,3,produces,0
Hebrew,Male,19,כואב לי,3,understands,0
Hebrew,Female,20,כואב לי,1,produces,1
Hebrew,Female,20,כואב לי,1,understands,1
Hebrew,Male,20,כואב לי,8,produces,0.125
Hebrew,Male,20,כואב לי,8,understands,0.75
Hebrew,Female,21,כואב לי,1,produces,1
Hebrew,Female,21,כואב לי,1,understands,1
Hebrew,Male,21,כואב לי,3,produces,0.3333
Hebrew,Male,21,כואב לי,3,understands,0.6667
Hebrew,Male,22,כואב לי,3,produces,0.6667
Hebrew,Male,22,כואב לי,3,understands,1
Hebrew,Female,23,כואב לי,3,produces,0.3333
Hebrew,Female,23,כואב לי,3,understands,0.6667
Hebrew,Male,23,כואב לי,4,produces,0.25
Hebrew,Male,23,כואב לי,4,understands,0.75
Hebrew,Female,24,כואב לי,1,produces,1
Hebrew,Female,24,כואב לי,1,understands,1
Hebrew,Male,24,כואב לי,10,produces,0.6
Hebrew,Male,24,כואב לי,10,understands,0.9
Hebrew,Male,25,כואב לי,2,produces,0.5
Hebrew,Male,25,כואב לי,2,understands,0.5
Hungarian,Female,16,seb,11,produces,0
Hungarian,Female,16,seb,11,understands,0
Hungarian,Male,16,seb,10,produces,0.3
Hungarian,Male,16,seb,10,understands,0
Hungarian,Female,17,seb,11,produces,0.3636
Hungarian,Female,17,seb,11,understands,0
Hungarian,Male,17,seb,7,produces,0
Hungarian,Male,17,seb,7,understands,0
Hungarian,Female,18,seb,9,produces,0.4444
Hungarian,Female,18,seb,9,understands,0
Hungarian,Male,18,seb,9,produces,0.4444
Hungarian,Male,18,seb,9,understands,0
Hungarian,Female,19,seb,13,produces,0.2308
Hungarian,Female,19,seb,13,understands,0
Hungarian,Male,19,seb,12,produces,0.75
Hungarian,Male,19,seb,12,understands,0
Hungarian,Female,20,seb,12,produces,0.6667
Hungarian,Female,20,seb,12,understands,0
Hungarian,Male,20,seb,6,produces,0.3333
Hungarian,Male,20,seb,6,understands,0
Hungarian,Female,21,seb,16,produces,0.625
Hungarian,Female,21,seb,16,understands,0
Hungarian,Male,21,seb,20,produces,0.8
Hungarian,Male,21,seb,20,understands,0
Hungarian,Female,22,seb,14,produces,0.7143
Hungarian,Female,22,seb,14,understands,0
Hungarian,Male,22,seb,13,produces,0.6923
Hungarian,Male,22,seb,13,understands,0
Hungarian,Female,23,seb,6,produces,0.8333
Hungarian,Female,23,seb,6,understands,0
Hungarian,Male,23,seb,12,produces,0.5
Hungarian,Male,23,seb,12,understands,0
Hungarian,Female,24,seb,14,produces,0.6429
Hungarian,Female,24,seb,14,understands,0
Hungarian,Male,24,seb,24,produces,0.6667
Hungarian,Male,24,seb,24,understands,0
Hungarian,Female,25,seb,17,produces,0.8824
Hungarian,Female,25,seb,17,understands,0
Hungarian,Male,25,seb,25,produces,0.88
Hungarian,Male,25,seb,25,understands,0
Hungarian,Female,26,seb,9,produces,0.8889
Hungarian,Female,26,seb,9,understands,0
Hungarian,Male,26,seb,14,produces,0.6429
Hungarian,Male,26,seb,14,understands,0
Hungarian,Female,27,seb,13,produces,0.8462
Hungarian,Female,27,seb,13,understands,0
Hungarian,Male,27,seb,13,produces,0.9231
Hungarian,Male,27,seb,13,understands,0
Hungarian,Female,28,seb,11,produces,0.9091
Hungarian,Female,28,seb,11,understands,0
Hungarian,Male,28,seb,18,produces,0.7222
Hungarian,Male,28,seb,18,understands,0
Hungarian,Female,29,seb,8,produces,0.875
Hungarian,Female,29,seb,8,understands,0
Hungarian,Male,29,seb,4,produces,0.25
Hungarian,Male,29,seb,4,understands,0
Hungarian,Female,30,seb,3,produces,0.6667
Hungarian,Female,30,seb,3,understands,0
Hungarian,Male,30,seb,15,produces,0.7333
Hungarian,Male,30,seb,15,understands,0
Italian,Female,7,bua,2,produces,0
Italian,Female,7,bua,2,understands,0
Italian,Male,7,bua,3,produces,0
Italian,Male,7,bua,3,understands,0
Italian,Female,8,bua,18,produces,0
Italian,Female,8,bua,18,understands,0
Italian,Male,8,bua,16,produces,0
Italian,Male,8,bua,16,understands,0
Italian,Female,9,bua,14,produces,0
Italian,Female,9,bua,14,understands,0.2143
Italian,Male,9,bua,24,produces,0
Italian,Male,9,bua,24,understands,0.125
Italian,Female,10,bua,29,produces,0.0345
Italian,Female,10,bua,29,understands,0.1724
Italian,Male,10,bua,24,produces,0
Italian,Male,10,bua,24,understands,0.125
Italian,Female,11,bua,22,produces,0
Italian,Female,11,bua,22,understands,0.2273
Italian,Male,11,bua,20,produces,0
Italian,Male,11,bua,20,understands,0.4
Italian,Female,12,bua,29,produces,0.0345
Italian,Female,12,bua,29,understands,0.3103
Italian,Male,12,bua,40,produces,0.025
Italian,Male,12,bua,40,understands,0.3
Italian,Female,13,bua,22,produces,0.1364
Italian,Female,13,bua,22,understands,0.5
Italian,Male,13,bua,26,produces,0.0769
Italian,Male,13,bua,26,understands,0.2692
Italian,Female,14,bua,21,produces,0.1905
Italian,Female,14,bua,21,understands,0.6667
Italian,Male,14,bua,19,produces,0.0526
Italian,Male,14,bua,19,understands,0.3684
Italian,Female,15,bua,30,produces,0.1333
Italian,Female,15,bua,30,understands,0.5333
Italian,Male,15,bua,38,produces,0.2368
Italian,Male,15,bua,38,understands,0.5263
Italian,Female,16,bua,27,produces,0.2222
Italian,Female,16,bua,27,understands,0.7037
Italian,Male,16,bua,29,produces,0.2069
Italian,Male,16,bua,29,understands,0.8276
Italian,Female,17,bua,20,produces,0.45
Italian,Female,17,bua,20,understands,0.7
Italian,Male,17,bua,28,produces,0.2857
Italian,Male,17,bua,28,understands,0.8571
Italian,Female,18,bua,37,produces,0.4324
Italian,Female,18,bua,37,understands,0.3784
Italian,Male,18,bua,38,produces,0.4211
Italian,Male,18,bua,38,understands,0.4474
Italian,Female,19,bua,26,produces,0.6154
Italian,Female,19,bua,26,understands,0.1538
Italian,Male,19,bua,32,produces,0.5938
Italian,Male,19,bua,32,understands,0.375
Italian,Female,20,bua,41,produces,0.6341
Italian,Female,20,bua,41,understands,0.1707
Italian,Male,20,bua,42,produces,0.5238
Italian,Male,20,bua,42,understands,0.2143
Italian,Female,21,bua,29,produces,0.8276
Italian,Female,21,bua,29,understands,0.1724
Italian,Male,21,bua,38,produces,0.7368
Italian,Male,21,bua,38,understands,0.1579
Italian,Female,22,bua,39,produces,0.6923
Italian,Female,22,bua,39,understands,0.2564
Italian,Male,22,bua,38,produces,0.6842
Italian,Male,22,bua,38,understands,0.1579
Italian,Female,23,bua,34,produces,0.8824
Italian,Female,23,bua,34,understands,0.2059
Italian,Male,23,bua,36,produces,0.8056
Italian,Male,23,bua,36,understands,0.2778
Italian,Female,24,bua,46,produces,0.7609
Italian,Female,24,bua,46,understands,0.1522
Italian,Male,24,bua,39,produces,0.9231
Italian,Male,24,bua,39,understands,0.1795
Italian,Female,25,bua,23,produces,0.913
Italian,Female,25,bua,23,understands,0
Italian,Male,25,bua,16,produces,0.625
Italian,Male,25,bua,16,understands,0
Italian,Female,26,bua,19,produces,0.6842
Italian,Female,26,bua,19,understands,0
Italian,Male,26,bua,22,produces,0.8182
Italian,Male,26,bua,22,understands,0
Italian,Female,27,bua,20,produces,0.9
Italian,Female,27,bua,20,understands,0
Italian,Male,27,bua,23,produces,0.7826
Italian,Male,27,bua,23,understands,0
Italian,Female,28,bua,21,produces,0.6667
Italian,Female,28,bua,21,understands,0
Italian,Male,28,bua,23,produces,0.8696
Italian,Male,28,bua,23,understands,0
Italian,Female,29,bua,21,produces,0.8095
Italian,Female,29,bua,21,understands,0
Italian,Male,29,bua,16,produces,0.75
Italian,Male,29,bua,16,understands,0
Italian,Female,30,bua,28,produces,0.8929
Italian,Female,30,bua,28,understands,0
Italian,Male,30,bua,39,produces,0.7692
Italian,Male,30,bua,39,understands,0
Italian,Female,31,bua,8,produces,0.625
Italian,Female,31,bua,8,understands,0
Italian,Male,31,bua,11,produces,0.8182
Italian,Male,31,bua,11,understands,0
Italian,Female,32,bua,14,produces,0.7857
Italian,Female,32,bua,14,understands,0
Italian,Male,32,bua,9,produces,0.5556
Italian,Male,32,bua,9,understands,0
Italian,Female,33,bua,5,produces,0.8
Italian,Female,33,bua,5,understands,0
Italian,Male,33,bua,11,produces,0.7273
Italian,Male,33,bua,11,understands,0
Italian,Female,34,bua,12,produces,0.8333
Italian,Female,34,bua,12,understands,0
Italian,Male,34,bua,7,produces,0.8571
Italian,Male,34,bua,7,understands,0
Italian,Female,35,bua,9,produces,0.7778
Italian,Female,35,bua,9,understands,0
Italian,Male,35,bua,6,produces,1
Italian,Male,35,bua,6,understands,0
Italian,Female,36,bua,7,produces,0.8571
Italian,Female,36,bua,7,understands,0
Italian,Male,36,bua,14,produces,0.6429
Italian,Male,36,bua,14,understands,0
